$ANSIBLE_VAULT;1.1;AES256
38653833363964383439373463333562333461306365346230636432633362333034303131393463
6638326563646133623965373364663831306339353838390a313639646161303764616639343937
34363636343637333336353230666531656434643639343263353065616565666137646563373030
3637343332333363330a663131633433656661643735333862643765313863306337343062356664
35633835333234626633313631333436346332323461373435366264653363643833313838613663
63333535376334633336313033653630656163623265386331613763313732656534306235346130
65656334663038333937343963323364323138303965616338626531626564393866653130643239
39653962346365303536393738316230336439393466636562616633366138313663373462323335
36393932663035393236323162643765343335333639346563666632323039313061633165363133
61643366626638303463313734356161306338623635326662666434653438396432313565663737
38363565663738626435626539336664313031623834643963663963613939313566373965366237
38383538383537623135323761633461613439373036373865373338666537393730313433623830
66653230346664393738373635646364363065373638333262353330306465623938316666353738
33383166626635313135643736663535373062656638616563333862386334343633363637376437
65393364306566326361383339356632383333613539346438393861636337353838356637363665
36656332303139393839633336336332396565353136353438653262383165643233653332633439
33333132653061643363346163316330326439626231613763613031663939636433666230653934
65643332343138646536373466616163383664333730346266356336643362376466613965376534
32646234323233656262376563656363643739313565653231633562323263643537363038316563
35336630356237636533363563633038396530626235346332373366356365313431376536373033
66323263383530316134663434653331636663333161633061386434363663366334303938316666
38306539646331316235356531353766306461373363336434363836333666613638636236366539
66666330333239653231643333383364633133626238303934313032383263653665326238363136
38616230333563323836383661313432663032303964666230313963343737396334626139356433
39613632323334653163636239656535626332323861663666653064366232623663353634373936
38363363313031633637316365343566313430646438646365656334396433313831643264323934
63376662626337613338356163346262386562363034623665313062646435653537356164353735
63643264646436366535616636376437623137656330393961336535393263376234326663643136
39306462626537626333643837656532383731366133326663313865323064396236346535623138
66626230316166663964346639636138623631353235383334363461333938633435396438343334
35346333383138356164363066666263393863313934386233663231313938666339393036313634
61366535313738653439633835313765316638316131663162343239653333623265656237633733
65346535383365636636656234316434313037643630633631636430613533373239386632626564
34396466353437383161303237323937633635653430623264633932306338666430353137383164
39376236626335316333323739653132323234633836633932663038623165313831363133323163
31306635626633653763353939326237373461353831356563356135393235643334353839373036
32663366623066613539373330613536373661633566373733383963353463663632353833663131
61303431613934313632333264613961633865303739373536353966633032333431383931326235
64376634343035633637396630393532663237306361333037333263656138346262366231656132
39336661613061373161313064646635636638616532373939366137373562323833333334636433
34353335353166343733373665376265366533626261346330386230333834663564383761323739
35393131306130656138646564346433313835326334626231616131323231636661353565666233
39353564386232396661313866333130353666383735633237343430373263326439396532376261
36666563633633383538356638616230653137643231316161633461336162373334363130353437
34356134643633366133343261613461656338333232306533663462353130616133653033323862
31396337336338663836633535653562636433336164613463626439653637336339306439666435
33623730663033613562663536643066653835316366366365386161313066613339363438343933
37373335653537636332386131333030623339363630663165663732346338373666613961356664
34636465353635373832306338663432636130636235313831613162626534313435623638633734
62386461363439396161666532323365383033373331303330613063613136663462633766383930
30383834393930623766323830383162636165353935313736343461626262373764653865616435
65363938386362643631396333383961383835643139396132386635303363336330656663623664
32633132343139656139346536666663343536386565656263383337393961306439356338386131
65646530343664376432356235616239373063653437383130343830363261313537343662383739
33366435336362343431633432386566663331666664616233333731366432663736613566636461
38646438666233626562313230623339333534306630343063633362633737386463313034646561
64663363313938616332363165353361383462626433353537353531316633613331356634323330
65646534623965393938383831626434383666326532663138646536316435333035636137313036
62316434633032333465616631613230623062396333336236613161303537663434623962623361
33343234656330336663343030326164346136653664636532333034646262363235356533396137
33363534633039643334613631353564653530366465363465313864643131306534353835643436
34343963313232333231656437303763323661636637616231353734386235616232343437616335
37373933303666623333363865653537626564636665383361353035373164366134393630633536
36386664393966303231323061343762663636373833613761333235633532666439376232633534
64316332643939623161376239616365373031383166356635356263653234626261336538326465
31303131373961646237333964373437636265396465333565656334623934303837616264633339
38623765626663343766366131323338303939643839633133346239343866356666613465613732
37623738373332356335646232366431343536633436386163616436336132623331313932626639
61643063303336373563656262653062383736323839323661656139323532396139626662303531
63303363343137343237353865316430313834323861313332656532323666646131323430313666
33613662366638343530666535376133323263613234356333613630643966646538386635643837
30656163356465336338616366323863343363646164666639353762323864616332343064323565
31306531336437363735316437366130323164383337633037393765653033343438366239656638
35636466616338643562376638333737626363303230363635373339396662363435646263643330
31633961663338393739306461613732663633656435306361396165666435633165376135663364
31336631383365663734323937636562386635623432373663303364653166666238303339623863
39653034353765363238396137376361653437363132623633363365616561343938373034653764
65616162366239303063666365353565366239656637663439613065303731393534623361616464
33633466303033366131633739613838616330363334386331623562663235383361386436313066
66623561373463623161666264636631663034353933323039653366656438393234346433363665
62623832366665346535323739386638396635623438366230333236666266353864353265303236
34363633316138333637633661353539666432396361653335363035653339343364383330616537
37303939343763396234623038376365393862653935636534366337386137373062666563366636
37336230316563643764623763623233656562616538663933336631353539633933393537303166
61386266613630383762383064313163303063393034363734313662626237313837326234386461
61376137633462656333396362343864326561303739393066653730303531623035616433633838
61376661373165363865623537393732363235636438303133363362326163633462386337613866
39376333313439663464313961356237653439626237303235383835633235343434343139393366
65616362373738663666353466373130343262316639383738663462303139643662383031336234
63646639313132313162386539336636303833306235666364643561636435303663373630393235
61623838393637666165386632363938386162346165396263316461383461343436316631653832
62633666666662663138306138363962633837343766653562306562316430383462336232393265
34323037353637383962356264393134366265626235326331393838633530386331613530613837
33643665323232313566633136613530383162386133393539656435313532623266393866366430
33326230663530663165636339646130613133373561613061346131653865646464346665373730
37633961636566663062346637363134616439633736616434363165626364333633643632303564
36653563396466393037393736666233356437636666613031333566383736303465343162646466
35303462323930633537643163666161383965333434346661393064616431363332333335346234
66396637633537373264636534663034653733633036363235393461623161313232616531316532
31343737323739623634386361353937666534373265343762613035613331353262633730623563
63316137613262626163356162313366316264326162386338306261353531373830313063386431
32373538616531336263653638353166653538613365333063626463376637313962613239313330
37363733343931613265666138303433653864343862346133313637616562356533373730373633
63343835656139343239376132383435366137396138336664393638303862613461303361366665
36386563343535376536336339306663303064366636326133616236363330626630376363333065
63303737383734346261666230323438363834336265646461336435306634336534666132376365
31643761663534366663653134353962303332363962653966623733386633653230366566616330
37353935633966646661303061376633306366393866386339636262393863386365656137346462
32626536333463363862663162303233343939323266373966396136376630326530313632376666
35633839306334336639323033363461346661313036393963323765306561656166393264616131
38313638383666643463656635653030323539383765623332396433393431306333666566386464
61346234396462363461323334323765646536633964356230326337636561363837303562666431
66666231393263623332393138316635336166643764353963336130646563343561633131333336
30313633396639623830313237643735306235353736643337656634343030623165633666633936
66613134363565323466306431363137326430326432666464366630636532346135376531633130
33346433663461373235386333313964373839613637323130323731303534303765323162636130
38323439346538653164363661343239653634343565363764656330343762623738663064313036
31333665393432303266316235373861306162373236316534303239626337386565613162313735
61333165656663383437363631383733626537333039306462343238316234316630663063346439
30656434333431643239393837333637323130383762313437353836303134396130386332633933
38376130333638333638356438636665353464313431343664303962363431626665353632663538
61363931313163633965343462663664333664393334386136613031636466383864616465383764
34366564376662353265373661376136303838643966333039366561383630646531373764623165
38336438303937353661663033613831643266663435356531353337616534626535613561616632
35626165613939656362643766633566303135626265393534363466356663356461636565383063
61343939663137636562643433626563666639316532333333646239633761363938623139363930
30306539653962663435383231306537353065363836313539333033623266313939323361663838
61643334356235663336383234373639313566656335623033313634306638386537386265333033
64373765663665643534393831613838313831373465343739333065386339343537653331346535
64323662383261336234383163386265333034303863346432393934326162326635376532323635
64343963666262396138393034373666626465663235643339623964646239333832663435333461
66623937396536376637393061356662363831303261383034313238333139656132623033383731
61343636363037363431373563623164343366376166613662616434316664363438343138313061
6438383862663932623835393364613736343936613064343662
